omega_50 = [
[0, 5.599, 8.380500000000001, 8.3145, 3.7835, 5.634499999999999, 3.9699999999999998, 4.555, 6.8095, 3.0860000000000003, 1.85, 7.491, 1.1945000000000001, 5.1115, 1.427, 6.168, 2.7744999999999997, 4.5415, 3.789, 3.308, 9.799, 6.524, 5.135, 2.818, 3.239, 3.6915, 6.737, 6.9795, 1.662, 0.8085, 5.787, 6.3795, 6.666, 3.818, 7.93, 2.411, 3.4335, 5.698499999999999, 3.3609999999999998, 4.348000000000001, 9.612, 6.826499999999999, 2.0025, 7.882, 2.4204999999999997, 3.919, 1.3035, 4.805, 0.8140000000000001, 4.7195],
[5.599, 0, 3.002, 7.609, 8.237, 6.3835, 8.3265, 8.88, 5.1955, 4.1105, 6.7765, 5.8919999999999995, 7.5625, 3.511, 7.189, 9.66, 3.8209999999999997, 4.047499999999999, 2.843, 3.7155, 9.383500000000002, 7.977, 7.166, 3.153, 2.386, 4.931, 1.8345, 8.84, 4.9105, 5.7829999999999995, 2.8085, 4.7835, 5.92, 2.9595000000000002, 0.662, 7.3515, 10.461, 2.333, 8.935500000000001, 8.712, 2.3215, 1.7255, 3.6085000000000003, 9.7275, 4.4275, 3.467, 4.3155, 0.826, 7.8185, 1.8545],
[8.380500000000001, 3.002, 0, 3.3925, 5.785, 3.9165, 5.8740000000000006, 6.4399999999999995, 1.589, 3.888, 6.5375, 2.3514999999999997, 7.313, 3.274, 6.962, 7.8865, 3.602, 5.758, 2.5934999999999997, 5.8415, 5.1785, 5.6955, 4.705, 4.5145, 3.7725, 4.6895, 3.5475, 7.0395, 4.711, 5.5665, 4.669499999999999, 1.766, 2.9055, 4.3395, 2.3674999999999997, 7.202500000000001, 7.5715, 0.691, 6.478, 6.226, 4.0625, 1.8215, 4.989, 5.51, 7.4295, 3.0595, 5.7695, 3.8064999999999998, 7.567, 1.6615],
[8.3145, 7.609, 3.3925, 0, 4.5245, 2.6695, 4.6015, 6.0835, 2.5105, 7.7455, 7.3735, 1.7525, 8.163499999999999, 4.117, 7.7989999999999995, 4.4725, 7.452999999999999, 9.1775, 6.431, 6.677, 1.803, 3.4745, 3.442, 7.809, 7.872, 5.529999999999999, 6.9275, 3.651, 6.6445, 7.507, 8.423, 1.6415, 1.657, 8.4635, 5.746, 5.3605, 6.312, 4.063000000000001, 5.2165, 4.9775, 7.422000000000001, 5.198, 9.1125, 2.134, 5.904, 7.198, 7.710000000000001, 8.408, 8.655000000000001, 5.78],
[3.7835, 8.237, 5.785, 4.5245, 0, 1.8795, 2.362, 2.925, 6.4239999999999995, 2.934, 1.4140000000000001, 7.1295, 2.1955, 4.739000000000001, 1.8335, 4.5455000000000005, 2.637, 5.3415, 4.228, 2.0875, 6.3065, 3.435, 1.1955, 3.3994999999999997, 4.0504999999999995, 3.3195, 9.321000000000002, 4.3445, 2.134, 2.9985, 6.6075, 4.0649999999999995, 2.8925, 3.4295, 8.123999999999999, 0.863, 4.0515, 6.459, 2.9610000000000003, 2.7275, 9.84, 7.5835, 4.035, 4.8085, 1.3805, 4.747, 3.1915, 5.6085, 2.451, 6.403499999999999],
[5.634499999999999, 6.3835, 3.9165, 2.6695, 1.8795, 0, 1.956, 2.5275, 4.557, 3.6725, 3.31, 5.2475000000000005, 4.0915, 2.8775, 3.7215, 3.308, 3.3754999999999997, 7.214, 2.3609999999999998, 2.6125, 4.4755, 1.5785, 0.799, 5.133, 5.898, 1.464, 7.4495000000000005, 2.4915000000000003, 4.0, 4.87, 7.202999999999999, 2.165, 1.029, 4.1765, 6.2775, 2.7135, 3.67, 4.582, 2.57, 2.374, 7.955500000000001, 5.7245, 5.849, 2.943, 3.2744999999999997, 5.948, 5.0555, 7.1705000000000005, 4.327500000000001, 4.5405],
[3.9699999999999998, 8.3265, 5.8740000000000006, 4.6015, 2.362, 1.956, 0, 0.623, 6.5015, 5.61, 5.304, 7.1795, 4.1525, 4.816, 3.7815000000000003, 2.401, 5.317, 7.705, 4.297499999999999, 4.5425, 5.8325, 2.565, 1.1775, 5.616, 6.3825, 3.399, 9.3965, 3.033, 4.4735, 4.7625, 9.148, 4.105, 2.9695, 6.128, 8.2065, 3.187, 1.711, 6.529, 0.632, 2.7145, 9.889, 9.904, 5.965, 3.9135, 3.7424999999999997, 7.894, 5.2735, 9.103, 3.173, 6.487],
[4.555, 8.88, 6.4399999999999995, 6.0835, 2.925, 2.5275, 0.623, 0, 7.0695, 6.209, 5.82, 7.8185, 4.7235, 5.3945, 4.3575, 1.6545, 5.9965, 8.2635, 4.897, 5.1265, 5.864000000000001, 3.1465, 1.7694999999999999, 6.189500000000001, 6.9595, 3.9775, 9.9535, 2.4445, 5.048500000000001, 5.339, 9.734, 4.6795, 3.5605, 6.6895, 8.8045, 3.774, 2.29, 7.0895, 1.2035, 3.2815, 10.4455, 8.2255, 6.5215, 4.0155, 4.300000000000001, 8.4685, 5.8425, 9.8695, 3.7474999999999996, 9.3385],
[6.8095, 5.1955, 1.589, 2.5105, 6.4239999999999995, 4.557, 6.5015, 7.0695, 0, 5.3335, 4.968, 0.7815000000000001, 5.734, 1.6955, 5.3759999999999994, 6.9575, 5.0335, 6.747999999999999, 4.016, 4.2625, 4.304, 6.1135, 5.330500000000001, 6.2365, 5.4719999999999995, 3.115, 5.1075, 6.1495, 6.1345, 6.1485, 6.0145, 3.338, 4.145, 8.6915, 3.94, 5.531499999999999, 8.626, 2.252, 7.1025, 6.871, 5.6185, 3.3760000000000003, 6.6899999999999995, 4.647, 5.833, 4.7735, 7.1905, 6.0024999999999995, 5.9915, 3.3555],
[3.0860000000000003, 4.1105, 3.888, 7.7455, 2.934, 3.6725, 5.61, 6.209, 5.3335, 0, 4.079000000000001, 6.037, 2.6905, 3.6425, 4.5095, 6.95, 0.332, 3.04, 1.3399999999999999, 0.8734999999999999, 9.560500000000001, 5.2425, 4.4565, 0.9795, 1.7435, 2.2325, 5.247, 6.1465, 1.421, 2.2885, 4.266, 4.9165, 4.676, 0.5255000000000001, 4.731999999999999, 4.6355, 6.484500000000001, 3.25, 6.442, 5.976, 6.411, 4.409, 1.667, 6.593, 1.5675, 2.43, 2.4955, 3.306, 3.8579999999999997, 2.266],
[1.85, 6.7765, 6.5375, 7.3735, 1.4140000000000001, 3.31, 5.304, 5.82, 4.968, 4.079000000000001, 0, 5.643, 0.795, 3.2755, 0.4425, 6.5875, 3.7805, 4.872, 2.7645, 3.0065, 9.1745, 4.872999999999999, 4.088, 2.79, 3.5535, 1.871, 8.5855, 5.7765, 1.6469999999999998, 1.194, 7.593500000000001, 4.548, 4.321, 4.58, 7.3995, 0.5894999999999999, 3.649, 5.9275, 2.1135, 1.141, 9.091000000000001, 7.0495, 3.4855, 6.2635, 0.9085000000000001, 6.3675, 2.705, 7.574, 1.053, 4.943],
[7.491, 5.8919999999999995, 2.3514999999999997, 1.7525, 7.1295, 5.2475000000000005, 7.1795, 7.8185, 0.7815000000000001, 6.037, 5.643, 0, 6.4335, 5.073, 6.07, 6.1995000000000005, 5.9559999999999995, 7.448499999999999, 4.708, 4.948, 3.5404999999999998, 5.214, 6.0280000000000005, 6.9275, 6.148, 3.8075, 5.963, 5.4135, 6.819, 6.8245000000000005, 6.708, 1.275, 3.3925, 6.775, 4.6975, 6.4575, 9.2965, 3.013, 7.8045, 7.5555, 6.3825, 4.1594999999999995, 7.391, 5.6925, 6.523999999999999, 5.463, 7.8845, 6.6905, 6.6825, 4.047499999999999],
[1.1945000000000001, 7.5625, 7.313, 8.163499999999999, 2.1955, 4.0915, 4.1525, 4.7235, 5.734, 2.6905, 0.795, 6.4335, 0, 4.048500000000001, 0.3885, 6.3365, 2.3875, 4.476, 3.5410000000000004, 3.786, 9.972999999999999, 5.634, 4.8614999999999995, 2.4085, 3.169, 2.6395, 6.6850000000000005, 6.538, 1.267, 0.421, 5.7044999999999995, 5.3255, 5.093500000000001, 3.1825, 8.182500000000001, 1.3585, 3.6005000000000003, 6.693, 3.5345, 1.9045, 9.8625, 7.827500000000001, 3.1075, 6.9879999999999995, 1.6855, 3.856, 2.481, 4.7379999999999995, 0.99, 5.726],
[5.1115, 3.511, 3.274, 4.117, 4.739000000000001, 2.8775, 4.816, 5.3945, 1.6955, 3.6425, 3.2755, 5.073, 4.048500000000001, 0, 3.7055, 6.155, 3.346, 5.071, 2.3245, 2.5835, 5.896, 4.439500000000001, 3.7215, 4.5525, 3.777, 1.4495, 5.3515, 5.34, 4.449, 4.445, 4.497, 1.286, 2.425, 4.358499999999999, 4.1355, 3.846, 6.917, 6.3975, 5.4315, 5.191, 5.8605, 3.7785, 5.0065, 6.229, 4.1665, 3.091, 5.5035, 4.312, 4.3045, 1.678],
[1.427, 7.189, 6.962, 7.7989999999999995, 1.8335, 3.7215, 3.7815000000000003, 4.3575, 5.3759999999999994, 4.5095, 0.4425, 6.07, 0.3885, 3.7055, 0, 5.9655000000000005, 4.261, 4.8375, 3.181, 3.4290000000000003, 9.6235, 5.2844999999999995, 4.496, 2.7720000000000002, 3.532, 2.2915, 9.016, 6.1965, 1.621, 0.775, 10.282, 4.986000000000001, 4.7415, 4.99, 7.9055, 1.0005, 3.2455, 6.3260000000000005, 3.1845, 1.5699999999999998, 9.7685, 7.4895, 3.41, 6.645, 1.311, 6.765, 2.715, 7.995000000000001, 0.6295, 5.3505],
[6.168, 9.66, 7.8865, 4.4725, 4.5455000000000005, 3.308, 2.401, 1.6545, 6.9575, 6.95, 6.5875, 6.1995000000000005, 6.3365, 6.155, 5.9655000000000005, 0, 6.686999999999999, 9.8805, 5.6345, 5.888, 4.237, 1.7355, 3.372, 7.849, 8.5685, 4.7445, 11.368500000000001, 0.826, 6.661, 7.1525, 10.4885, 6.092499999999999, 3.9829999999999997, 7.4719999999999995, 10.1935, 5.3805, 3.9055, 8.5245, 2.8315, 4.898, 11.879000000000001, 9.642, 8.154, 2.3760000000000003, 5.9245, 9.2575, 7.468, 10.514, 5.3765, 7.8215],
[2.7744999999999997, 3.8209999999999997, 3.602, 7.452999999999999, 2.637, 3.3754999999999997, 5.317, 5.9965, 5.0335, 0.332, 3.7805, 5.9559999999999995, 2.3875, 3.346, 4.261, 6.686999999999999, 0, 3.3345000000000002, 1.036, 0.567, 9.2415, 4.922499999999999, 4.1370000000000005, 1.2795, 2.0365, 1.9315, 5.605, 5.853, 1.1179999999999999, 1.9805000000000001, 4.6235, 4.619999999999999, 4.384, 0.8205, 4.4325, 4.3355, 6.1735, 2.934, 6.1155, 5.683, 6.112500000000001, 4.0785, 1.967, 6.307499999999999, 1.2879999999999998, 3.38, 2.1795, 4.617, 3.5575, 1.9740000000000002],
[4.5415, 4.047499999999999, 5.758, 9.1775, 5.3415, 7.214, 7.705, 8.2635, 6.747999999999999, 3.04, 4.872, 7.448499999999999, 4.476, 5.071, 4.8375, 9.8805, 3.3345000000000002, 0, 4.3615, 3.8705, 10.948, 8.7675, 6.5215, 2.1015, 1.3185, 6.5009999999999994, 2.225, 9.6725, 3.213, 4.073, 1.2515, 6.339, 7.495, 1.8895, 3.3970000000000002, 6.164, 7.9239999999999995, 5.0985, 7.867, 8.056000000000001, 5.1225000000000005, 4.4855, 2.5385, 11.3015, 4.014, 2.024, 3.2279999999999998, 2.871, 5.3225, 3.412],
[3.789, 2.843, 2.5934999999999997, 6.431, 4.228, 2.3609999999999998, 4.297499999999999, 4.897, 4.016, 1.3399999999999999, 2.7645, 4.708, 3.5410000000000004, 2.3245, 3.181, 5.6345, 1.036, 4.3615, 0, 0.942, 8.23, 3.909, 3.1384999999999996, 2.2830000000000004, 3.058, 0.9185000000000001, 4.5969999999999995, 4.8309999999999995, 2.158, 2.987, 3.611, 3.614, 3.3825000000000003, 1.8345, 3.4074999999999998, 3.3274999999999997, 6.4015, 1.9255, 4.934, 4.6775, 5.0945, 3.0629999999999997, 2.96, 5.266500000000001, 1.7679999999999998, 2.362, 3.1835, 3.5885, 3.8095, 0.9604999999999999],
[3.308, 3.7155, 5.8415, 6.677, 2.0875, 2.6125, 4.5425, 5.1265, 4.2625, 0.8734999999999999, 3.0065, 4.948, 3.786, 2.5835, 3.4290000000000003, 5.888, 0.567, 3.8705, 0.942, 0, 8.4575, 4.177, 3.3875, 1.8075, 2.583, 1.162, 5.509, 5.0965, 1.6844999999999999, 2.5255, 4.531499999999999, 3.8525, 3.6109999999999998, 1.3535, 4.3385, 3.5715000000000003, 6.637499999999999, 2.839, 5.1594999999999995, 4.9190000000000005, 6.01, 3.9805, 2.5149999999999997, 5.515499999999999, 3.029, 3.292, 2.72, 4.503, 4.035, 1.8725],
[9.799, 9.383500000000002, 5.1785, 1.803, 6.3065, 4.4755, 5.8325, 5.864000000000001, 4.304, 9.560500000000001, 9.1745, 3.5404999999999998, 9.972999999999999, 5.896, 9.6235, 4.237, 9.2415, 10.948, 8.23, 8.4575, 0, 3.2565, 4.6370000000000005, 9.567, 9.672, 7.3185, 8.718, 3.435, 8.4335, 9.309000000000001, 10.219000000000001, 3.4355, 3.441, 10.2455, 7.529999999999999, 7.146, 7.4955, 5.8525, 6.432, 6.1735, 9.211500000000001, 6.979, 10.897, 1.9075, 7.6925, 11.049, 9.515, 10.2055, 8.954, 7.559],
[6.524, 7.977, 5.6955, 3.4745, 3.435, 1.5785, 2.565, 3.1465, 6.1135, 5.2425, 4.872999999999999, 5.214, 5.634, 4.439500000000001, 5.2844999999999995, 1.7355, 4.922499999999999, 8.7675, 3.909, 4.177, 3.2565, 0, 1.4085, 6.705500000000001, 7.4915, 3.015, 8.991, 0.9245000000000001, 5.5665, 6.41, 8.782499999999999, 3.726, 2.6100000000000003, 5.7425, 7.827999999999999, 4.2645, 4.2585, 6.1455, 3.1725000000000003, 2.9325, 9.497499999999999, 7.269, 7.4105, 1.3690000000000002, 4.7985, 7.5120000000000005, 6.6165, 8.729500000000002, 5.7135, 6.117],
[5.135, 7.166, 4.705, 3.442, 1.1955, 0.799, 1.1775, 1.7694999999999999, 5.330500000000001, 4.4565, 4.088, 6.0280000000000005, 4.8614999999999995, 3.7215, 4.496, 3.372, 4.1370000000000005, 6.5215, 3.1384999999999996, 3.3875, 4.6370000000000005, 1.4085, 0, 4.4485, 5.2195, 2.2515, 8.225000000000001, 2.3115, 3.3095, 4.1705000000000005, 7.9645, 2.9475, 1.804, 4.9805, 7.0555, 2.0215, 2.9255000000000004, 5.358499999999999, 1.7875, 1.5485, 8.7295, 6.4955, 5.131, 2.7474999999999996, 2.549, 6.7225, 4.5115, 7.965, 4.3265, 5.334],
[2.818, 3.153, 4.5145, 7.809, 3.3994999999999997, 5.133, 5.616, 6.189500000000001, 6.2365, 0.9795, 2.79, 6.9275, 2.4085, 4.5525, 2.7720000000000002, 7.849, 1.2795, 2.1015, 2.2830000000000004, 1.8075, 9.567, 6.705500000000001, 4.4485, 0, 0.795, 3.1929999999999996, 4.282, 7.6085, 1.158, 2.0145, 3.3075, 5.838, 6.154999999999999, 1.476, 5.458500000000001, 4.2115, 6.21, 3.8645, 6.1725, 5.9815000000000005, 7.147, 4.993, 0.7184999999999999, 8.0505, 1.9129999999999998, 1.474, 2.2039999999999997, 2.338, 3.6795, 2.8825],
[3.239, 2.386, 3.7725, 7.872, 4.0504999999999995, 5.898, 6.3825, 6.9595, 5.4719999999999995, 1.7435, 3.5535, 6.148, 3.169, 3.777, 3.532, 8.5685, 2.0365, 1.3185, 3.058, 2.583, 9.672, 7.4915, 5.2195, 0.795, 0, 5.2015, 3.521, 8.3595, 1.9180000000000001, 2.7855, 2.541, 5.045999999999999, 6.207, 0.599, 4.7490000000000006, 4.871, 6.6375, 3.0835, 6.574999999999999, 6.7605, 6.387499999999999, 4.225, 1.248, 9.9955, 2.6765, 0.7104999999999999, 1.9340000000000002, 1.5845, 4.0235, 2.1215],
[3.6915, 4.931, 4.6895, 5.529999999999999, 3.3195, 1.464, 3.399, 3.9775, 3.115, 2.2325, 1.871, 3.8075, 2.6395, 1.4495, 2.2915, 4.7445, 1.9315, 6.5009999999999994, 0.9185000000000001, 1.162, 7.3185, 3.015, 2.2515, 3.1929999999999996, 5.2015, 0, 6.775, 3.95, 3.0374999999999996, 3.0389999999999997, 5.748, 2.7, 2.4765, 2.732, 5.5625, 2.4285, 5.4975000000000005, 4.0735, 4.007, 3.909, 7.237500000000001, 5.217499999999999, 7.8365, 4.3795, 2.7395, 4.509, 4.101000000000001, 5.7285, 2.8869999999999996, 3.0995],
[6.737, 1.8345, 3.5475, 6.9275, 9.321000000000002, 7.4495000000000005, 9.3965, 9.9535, 5.1075, 5.247, 8.5855, 5.963, 6.6850000000000005, 5.3515, 9.016, 11.368500000000001, 5.605, 2.225, 4.5969999999999995, 5.509, 8.718, 8.991, 8.225000000000001, 4.282, 3.521, 6.775, 0, 10.573, 5.427, 6.2815, 1.003, 5.2829999999999995, 6.4395, 4.103999999999999, 1.1945000000000001, 9.2605, 10.145, 2.8825000000000003, 10.094999999999999, 9.7495, 2.8805, 2.2720000000000002, 4.7555, 9.033999999999999, 6.18, 2.2424999999999997, 5.426500000000001, 2.623, 7.5329999999999995, 3.6595],
[6.9795, 8.84, 7.0395, 3.651, 4.3445, 2.4915000000000003, 3.033, 2.4445, 6.1495, 6.1465, 5.7765, 5.4135, 6.538, 5.34, 6.1965, 0.826, 5.853, 9.6725, 4.8309999999999995, 5.0965, 3.435, 0.9245000000000001, 2.3115, 7.6085, 8.3595, 3.95, 10.573, 0, 6.467499999999999, 7.327500000000001, 9.6505, 5.2855, 3.158, 6.6395, 9.386, 5.1805, 4.721, 7.689, 3.629, 3.8445, 11.054, 8.834, 8.306999999999999, 1.5375, 5.705, 8.4145, 7.5169999999999995, 9.648499999999999, 6.258, 7.0135000000000005],
[1.662, 4.9105, 4.711, 6.6445, 2.134, 4.0, 4.4735, 5.048500000000001, 6.1345, 1.421, 1.6469999999999998, 6.819, 1.267, 4.449, 1.621, 6.661, 1.1179999999999999, 3.213, 2.158, 1.6844999999999999, 8.4335, 5.5665, 3.3095, 1.158, 1.9180000000000001, 3.0374999999999996, 5.427, 6.467499999999999, 0, 0.8815, 4.4670000000000005, 5.724, 5.0055, 1.9285, 5.5295, 2.968, 5.0775, 4.0465, 5.0065, 4.852, 7.2364999999999995, 5.188000000000001, 1.8370000000000002, 6.912, 0.7775000000000001, 2.603, 1.081, 3.484, 2.495, 3.0765000000000002],
[0.8085, 5.7829999999999995, 5.5665, 7.507, 2.9985, 4.87, 4.7625, 5.339, 6.1485, 2.2885, 1.194, 6.8245000000000005, 0.421, 4.445, 0.775, 7.1525, 1.9805000000000001, 4.073, 2.987, 2.5255, 9.309000000000001, 6.41, 4.1705000000000005, 2.0145, 2.7855, 3.0389999999999997, 6.2815, 7.327500000000001, 0.8815, 0, 5.302, 5.724, 5.871, 2.784, 8.307500000000001, 1.766, 4.211, 4.898999999999999, 4.1515, 5.1195, 8.094000000000001, 6.0395, 2.7055, 7.7835, 1.6349999999999998, 3.521, 2.12, 4.3625, 1.5925, 3.9345],
[5.787, 2.8085, 4.669499999999999, 8.423, 6.6075, 7.202999999999999, 9.148, 9.734, 6.0145, 4.266, 7.593500000000001, 6.708, 5.7044999999999995, 4.497, 10.282, 10.4885, 4.6235, 1.2515, 3.611, 4.531499999999999, 10.219000000000001, 8.782499999999999, 7.9645, 3.3075, 2.541, 5.748, 1.003, 9.6505, 4.4670000000000005, 5.302, 0, 5.6, 6.759, 3.1900000000000004, 2.173, 8.1695, 9.251000000000001, 3.8609999999999998, 9.1005, 9.5115, 3.856, 3.2889999999999997, 3.7889999999999997, 10.559999999999999, 5.2185, 1.2585, 4.4735, 2.221, 6.5489999999999995, 2.676],
[6.3795, 4.7835, 1.766, 1.6415, 4.0649999999999995, 2.165, 4.105, 4.6795, 3.338, 4.9165, 4.548, 1.275, 5.3255, 1.286, 4.986000000000001, 6.092499999999999, 4.619999999999999, 6.339, 3.614, 3.8525, 3.4355, 3.726, 2.9475, 5.838, 5.045999999999999, 2.7, 5.2829999999999995, 5.2855, 5.724, 5.724, 5.6, 0, 1.1600000000000001, 5.640499999999999, 4.1129999999999995, 5.1325, 5.817500000000001, 2.431, 7.801, 4.489, 5.797000000000001, 3.5545, 6.285, 3.752, 5.4384999999999994, 4.361, 6.781000000000001, 5.585, 5.582, 2.951],
[6.666, 5.92, 2.9055, 1.657, 2.8925, 1.029, 2.9695, 3.5605, 4.145, 4.676, 4.321, 3.3925, 5.093500000000001, 2.425, 4.7415, 3.9829999999999997, 4.384, 7.495, 3.3825000000000003, 3.6109999999999998, 3.441, 2.6100000000000003, 1.804, 6.154999999999999, 6.207, 2.4765, 6.4395, 3.158, 5.0055, 5.871, 6.759, 1.1600000000000001, 0, 5.2165, 5.243, 3.726, 4.662, 3.5789999999999997, 3.577, 3.35, 7.0335, 4.7345, 6.8485, 1.636, 4.241, 5.5255, 6.077, 6.7295, 5.3415, 4.123],
[3.818, 2.9595000000000002, 4.3395, 8.4635, 3.4295, 4.1765, 6.128, 6.6895, 8.6915, 0.5255000000000001, 4.58, 6.775, 3.1825, 4.358499999999999, 4.99, 7.4719999999999995, 0.8205, 1.8895, 1.8345, 1.3535, 10.2455, 5.7425, 4.9805, 1.476, 0.599, 2.732, 4.103999999999999, 6.6395, 1.9285, 2.784, 3.1900000000000004, 5.640499999999999, 5.2165, 0, 5.2795000000000005, 5.1465, 7.239000000000001, 3.673, 7.1525, 6.497, 6.9605, 4.8035, 1.83, 7.0705, 2.06, 1.2814999999999999, 2.5135, 2.17, 4.5969999999999995, 2.703],
[7.93, 0.662, 2.3674999999999997, 5.746, 8.123999999999999, 6.2775, 8.2065, 8.8045, 3.94, 4.731999999999999, 7.3995, 4.6975, 8.182500000000001, 4.1355, 7.9055, 10.1935, 4.4325, 3.3970000000000002, 3.4074999999999998, 4.3385, 7.529999999999999, 7.827999999999999, 7.0555, 5.458500000000001, 4.7490000000000006, 5.5625, 1.1945000000000001, 9.386, 5.5295, 8.307500000000001, 2.173, 4.1129999999999995, 5.243, 5.2795000000000005, 0, 7.971500000000001, 11.0475, 1.704, 8.8215, 8.58, 1.702, 1.1075, 5.929, 7.8845, 5.058, 3.415, 6.798, 1.4529999999999998, 8.519, 2.5229999999999997],
[2.411, 7.3515, 7.202500000000001, 5.3605, 0.863, 2.7135, 3.187, 3.774, 5.531499999999999, 4.6355, 0.5894999999999999, 6.4575, 1.3585, 3.846, 1.0005, 5.3805, 4.3355, 6.164, 3.3274999999999997, 3.5715000000000003, 7.146, 4.2645, 2.0215, 4.2115, 4.871, 2.4285, 9.2605, 5.1805, 2.968, 1.766, 8.1695, 5.1325, 3.726, 5.1465, 7.971500000000001, 0, 2.6345, 6.4895, 1.546, 0.581, 9.754, 7.632, 4.9245, 5.6145, 2.2135, 6.957, 4.0335, 8.1415, 1.6025, 5.6735],
[3.4335, 10.461, 7.5715, 6.312, 4.0515, 3.67, 1.711, 2.29, 8.626, 6.484500000000001, 3.649, 9.2965, 3.6005000000000003, 6.917, 3.2455, 3.9055, 6.1735, 7.9239999999999995, 6.4015, 6.637499999999999, 7.4955, 4.2585, 2.9255000000000004, 6.21, 6.6375, 5.4975000000000005, 10.145, 4.721, 5.0775, 4.211, 9.251000000000001, 5.817500000000001, 4.662, 7.239000000000001, 11.0475, 2.6345, 0, 9.5575, 1.1055000000000001, 2.0795000000000003, 12.720500000000001, 10.732, 5.414, 5.612500000000001, 4.519, 7.316, 4.783, 8.218, 2.6235, 8.597000000000001],
[5.698499999999999, 2.333, 0.691, 4.063000000000001, 6.459, 4.582, 6.529, 7.0895, 2.252, 3.25, 5.9275, 3.013, 6.693, 6.3975, 6.3260000000000005, 8.5245, 2.934, 5.0985, 1.9255, 2.839, 5.8525, 6.1455, 5.358499999999999, 3.8645, 3.0835, 4.0735, 2.8825000000000003, 7.689, 4.0465, 4.898999999999999, 3.8609999999999998, 2.431, 3.5789999999999997, 3.673, 1.704, 6.4895, 9.5575, 0, 7.127, 6.8955, 3.3855, 1.1495, 4.308, 6.163, 3.559, 2.4000000000000004, 5.109500000000001, 3.1395, 6.951, 0.9864999999999999],
[3.3609999999999998, 8.935500000000001, 6.478, 5.2165, 2.9610000000000003, 2.57, 0.632, 1.2035, 7.1025, 6.442, 2.1135, 7.8045, 3.5345, 5.4315, 3.1845, 2.8315, 6.1155, 7.867, 4.934, 5.1594999999999995, 6.432, 3.1725000000000003, 1.7875, 6.1725, 6.574999999999999, 4.007, 10.094999999999999, 3.629, 5.0065, 4.1515, 9.1005, 7.801, 3.577, 7.1525, 8.8215, 1.546, 1.1055000000000001, 7.127, 0, 0.996, 10.5085, 8.286, 5.3415, 4.5295000000000005, 4.3315, 7.26, 4.667999999999999, 8.131499999999999, 2.5620000000000003, 7.0905000000000005],
[4.348000000000001, 8.712, 6.226, 4.9775, 2.7275, 2.374, 2.7145, 3.2815, 6.871, 5.976, 1.141, 7.5555, 1.9045, 5.191, 1.5699999999999998, 4.898, 5.683, 8.056000000000001, 4.6775, 4.9190000000000005, 6.1735, 2.9325, 1.5485, 5.9815000000000005, 6.7605, 3.909, 9.7495, 3.8445, 4.852, 5.1195, 9.5115, 4.489, 3.35, 6.497, 8.58, 0.581, 2.0795000000000003, 6.8955, 0.996, 0, 10.2695, 8.036999999999999, 6.325, 4.2895, 4.0785, 8.253499999999999, 5.64, 9.501000000000001, 3.5375, 6.8695],
[9.612, 2.3215, 4.0625, 7.422000000000001, 9.84, 7.955500000000001, 9.889, 10.4455, 5.6185, 6.411, 9.091000000000001, 6.3825, 9.8625, 5.8605, 9.7685, 11.879000000000001, 6.112500000000001, 5.1225000000000005, 5.0945, 6.01, 9.211500000000001, 9.497499999999999, 8.7295, 7.147, 6.387499999999999, 7.237500000000001, 2.8805, 11.054, 7.2364999999999995, 8.094000000000001, 3.856, 5.797000000000001, 7.0335, 6.9605, 1.702, 9.754, 12.720500000000001, 3.3855, 10.5085, 10.2695, 0, 1.302, 7.6365, 9.5485, 6.7905, 5.0945, 8.298, 3.122, 10.136, 4.183],
[6.826499999999999, 1.7255, 1.8215, 5.198, 7.5835, 5.7245, 9.904, 8.2255, 3.3760000000000003, 4.409, 7.0495, 4.1594999999999995, 7.827500000000001, 3.7785, 7.4895, 9.642, 4.0785, 4.4855, 3.0629999999999997, 3.9805, 6.979, 7.269, 6.4955, 4.993, 4.225, 5.217499999999999, 2.2720000000000002, 8.834, 5.188000000000001, 6.0395, 3.2889999999999997, 3.5545, 4.7345, 4.8035, 1.1075, 7.632, 10.732, 1.1495, 8.286, 8.036999999999999, 1.302, 0, 5.4585, 7.2940000000000005, 4.7010000000000005, 3.554, 6.251, 2.5395000000000003, 8.084, 2.1235],
[2.0025, 3.6085000000000003, 4.989, 9.1125, 4.035, 5.849, 5.965, 6.5215, 6.6899999999999995, 1.667, 3.4855, 7.391, 3.1075, 5.0065, 3.41, 8.154, 1.967, 2.5385, 2.96, 2.5149999999999997, 10.897, 7.4105, 5.131, 0.7184999999999999, 1.248, 7.8365, 4.7555, 8.306999999999999, 1.8370000000000002, 2.7055, 3.7889999999999997, 6.285, 6.8485, 1.83, 5.929, 4.9245, 5.414, 4.308, 5.3415, 6.325, 7.6365, 5.4585, 0, 8.777999999999999, 2.5925000000000002, 1.931, 0.71, 2.804, 2.7904999999999998, 3.3555],
[7.882, 9.7275, 5.51, 2.134, 4.8085, 2.943, 3.9135, 4.0155, 4.647, 6.593, 6.2635, 5.6925, 6.9879999999999995, 6.229, 6.645, 2.3760000000000003, 6.307499999999999, 11.3015, 5.266500000000001, 5.515499999999999, 1.9075, 1.3690000000000002, 2.7474999999999996, 8.0505, 9.9955, 4.3795, 9.033999999999999, 1.5375, 6.912, 7.7835, 10.559999999999999, 3.752, 1.636, 7.0705, 7.8845, 5.6145, 5.612500000000001, 6.163, 4.5295000000000005, 4.2895, 9.5485, 7.2940000000000005, 8.777999999999999, 0, 6.15, 9.466000000000001, 7.9595, 10.527999999999999, 7.08, 7.888],
[2.4204999999999997, 4.4275, 7.4295, 5.904, 1.3805, 3.2744999999999997, 3.7424999999999997, 4.300000000000001, 5.833, 1.5675, 0.9085000000000001, 6.523999999999999, 1.6855, 4.1665, 1.311, 5.9245, 1.2879999999999998, 4.014, 1.7679999999999998, 3.029, 7.6925, 4.7985, 2.549, 1.9129999999999998, 2.6765, 2.7395, 6.18, 5.705, 0.7775000000000001, 1.6349999999999998, 5.2185, 5.4384999999999994, 4.241, 2.06, 5.058, 2.2135, 4.519, 3.559, 4.3315, 4.0785, 6.7905, 4.7010000000000005, 2.5925000000000002, 6.15, 0, 3.3635, 1.8275000000000001, 4.2395, 1.919, 2.582],
[3.919, 3.467, 3.0595, 7.198, 4.747, 5.948, 7.894, 8.4685, 4.7735, 2.43, 6.3675, 5.463, 3.856, 3.091, 6.765, 9.2575, 3.38, 2.024, 2.362, 3.292, 11.049, 7.5120000000000005, 6.7225, 1.474, 0.7104999999999999, 4.509, 2.2424999999999997, 8.4145, 2.603, 3.521, 1.2585, 4.361, 5.5255, 1.2814999999999999, 3.415, 6.957, 7.316, 2.4000000000000004, 7.26, 8.253499999999999, 5.0945, 3.554, 1.931, 9.466000000000001, 3.3635, 0, 2.6500000000000004, 0.894, 4.715999999999999, 1.4344999999999999],
[1.3035, 4.3155, 5.7695, 7.710000000000001, 3.1915, 5.0555, 5.2735, 5.8425, 7.1905, 2.4955, 2.705, 7.8845, 2.481, 5.5035, 2.715, 7.468, 2.1795, 3.2279999999999998, 3.1835, 2.72, 9.515, 6.6165, 4.5115, 2.2039999999999997, 1.9340000000000002, 4.101000000000001, 5.426500000000001, 7.5169999999999995, 1.081, 2.12, 4.4735, 6.781000000000001, 6.077, 2.5135, 6.798, 4.0335, 4.783, 5.109500000000001, 4.667999999999999, 5.64, 8.298, 6.251, 0.71, 7.9595, 1.8275000000000001, 2.6500000000000004, 0, 3.4875, 2.0975, 4.136],
[4.805, 0.826, 3.8064999999999998, 8.408, 5.6085, 7.1705000000000005, 9.103, 9.8695, 6.0024999999999995, 3.306, 7.574, 6.6905, 4.7379999999999995, 4.312, 7.995000000000001, 10.514, 4.617, 2.871, 3.5885, 4.503, 10.2055, 8.729500000000002, 7.965, 2.338, 1.5845, 5.7285, 2.623, 9.648499999999999, 3.484, 4.3625, 2.221, 5.585, 6.7295, 2.17, 1.4529999999999998, 8.1415, 8.218, 3.1395, 8.131499999999999, 9.501000000000001, 3.122, 2.5395000000000003, 2.804, 10.527999999999999, 4.2395, 0.894, 3.4875, 0, 5.5855, 2.6595],
[0.8140000000000001, 7.8185, 7.567, 8.655000000000001, 2.451, 4.327500000000001, 3.173, 3.7474999999999996, 5.9915, 3.8579999999999997, 1.053, 6.6825, 0.99, 4.3045, 0.6295, 5.3765, 3.5575, 5.3225, 3.8095, 4.035, 8.954, 5.7135, 4.3265, 3.6795, 4.0235, 2.8869999999999996, 7.5329999999999995, 6.258, 2.495, 1.5925, 6.5489999999999995, 5.582, 5.3415, 4.5969999999999995, 8.519, 1.6025, 2.6235, 6.951, 2.5620000000000003, 3.5375, 10.136, 8.084, 2.7904999999999998, 7.08, 1.919, 4.715999999999999, 2.0975, 5.5855, 0, 5.976],
[4.7195, 1.8545, 1.6615, 5.78, 6.403499999999999, 4.5405, 6.487, 9.3385, 3.3555, 2.266, 4.943, 4.047499999999999, 5.726, 1.678, 5.3505, 7.8215, 1.9740000000000002, 3.412, 0.9604999999999999, 1.8725, 7.559, 6.117, 5.334, 2.8825, 2.1215, 3.0995, 3.6595, 7.0135000000000005, 3.0765000000000002, 3.9345, 2.676, 2.951, 4.123, 2.703, 2.5229999999999997, 5.6735, 8.597000000000001, 0.9864999999999999, 7.0905000000000005, 6.8695, 4.183, 2.1235, 3.3555, 7.888, 2.582, 1.4344999999999999, 4.136, 2.6595, 5.976, 0],
]

omega_35 = [
[0, 22.9435, 32.326499999999996, 28.597499999999997, 12.491, 40.644000000000005, 17.585, 39.115, 41.1235, 30.148, 41.364999999999995, 31.5685, 38.647000000000006, 43.474500000000006, 34.232, 29.407, 32.832, 23.046999999999997, 19.255000000000003, 42.3465, 18.335, 13.154, 33.421499999999995, 40.2085, 7.865, 37.135999999999996, 31.6615, 27.665, 25.575499999999998, 15.98, 6.9585, 42.5145, 7.6175, 39.3475, 16.087],
[22.9435, 0, 19.024, 2.9459999999999997, 17.098, 14.6625, 5.3855, 17.97, 24.997999999999998, 8.989, 28.0635, 13.5595, 37.4345, 27.2655, 11.317499999999999, 16.097, 31.612000000000002, 9.745000000000001, 15.2625, 22.442999999999998, 46.6435, 11.927, 17.2905, 19.045, 15.102, 11.175, 33.3055, 10.438500000000001, 9.388, 22.36, 18.738, 21.365000000000002, 13.3625, 38.176, 19.14],
[32.326499999999996, 19.024, 0, 16.096, 38.7475, 26.8625, 27.051499999999997, 35.1195, 44.024, 27.991, 15.42, 32.543, 4.572, 46.2735, 28.39, 3.4645, 10.401, 9.302, 45.578, 44.870000000000005, 46.209500000000006, 19.2085, 36.311, 41.491, 36.7515, 23.399, 32.882000000000005, 10.418, 28.3795, 45.113, 57.564499999999995, 39.1775, 24.725, 6.031499999999999, 28.5895],
[28.597499999999997, 2.9459999999999997, 16.096, 0, 20.015500000000003, 11.706, 8.3065, 19.058500000000002, 27.9285, 11.9215, 25.128, 16.491, 20.6405, 30.198, 12.3165, 13.157, 34.543, 6.8205, 18.1965, 25.36, 43.7145, 14.8525, 21.3215, 21.985999999999997, 18.026, 8.251000000000001, 30.376, 7.523, 12.307500000000001, 42.7225, 55.0715, 24.0335, 16.299500000000002, 22.110500000000002, 22.07],
[12.491, 17.098, 38.7475, 20.015500000000003, 0, 31.681, 11.7165, 33.265, 19.0315, 24.278, 47.804500000000004, 9.472, 45.067499999999995, 19.1515, 28.377, 35.815, 39.252, 29.4685, 6.788, 20.247500000000002, 30.781, 19.5715, 9.09, 34.326, 4.6419999999999995, 28.239, 52.688500000000005, 27.588, 3.4015, 28.6585, 19.424500000000002, 36.643, 19.698999999999998, 45.785, 26.7885],
[40.644000000000005, 14.6625, 26.8625, 11.706, 31.681, 0, 19.990000000000002, 17.011000000000003, 27.863, 13.224, 28.0615, 17.785, 31.4155, 30.1055, 10.267, 16.119500000000002, 47.144, 17.582, 29.887500000000003, 24.977, 54.4605, 27.4725, 21.3335, 21.5825, 29.7185, 3.48, 41.1415, 9.156500000000001, 24.04, 53.3855, 65.81049999999999, 19.2745, 32.9985, 32.8545, 34.6815],
[17.585, 5.3855, 27.051499999999997, 8.3065, 11.7165, 19.990000000000002, 0, 21.5645, 26.9765, 12.587, 36.067499999999995, 17.157, 33.373000000000005, 29.255499999999998, 16.676499999999997, 24.115499999999997, 27.566499999999998, 17.764499999999998, 18.493000000000002, 26.0375, 23.325499999999998, 12.329500000000001, 19.276, 22.633499999999998, 9.7395, 16.5355, 40.9755, 15.788, 11.3605, 16.962, 13.3735, 24.9535, 8.031500000000001, 34.075, 15.0835],
[39.115, 17.97, 35.1195, 19.058500000000002, 33.265, 17.011000000000003, 21.5645, 0, 23.619999999999997, 8.998999999999999, 44.1415, 13.555, 39.662, 26.06, 6.7595, 32.2045, 49.551500000000004, 25.8455, 18.657, 4.621, 62.724500000000006, 29.887500000000003, 17.0905, 1.323, 31.275, 13.532, 49.4685, 26.537, 12.781500000000001, 38.5045, 34.9065, 3.4045, 29.537, 41.132, 37.0875],
[41.1235, 24.997999999999998, 44.024, 27.9285, 19.0315, 27.863, 26.9765, 23.619999999999997, 0, 14.6405, 53.024, 10.091000000000001, 62.385000000000005, 2.2935, 17.608, 41.066500000000005, 56.577, 34.695499999999996, 10.181000000000001, 1.237, 48.838, 36.8995, 7.8795, 15.731, 23.6575, 24.3735, 54.726, 35.417, 15.6495, 42.4965, 38.899, 18.064999999999998, 33.5305, 63.1085, 42.0015],
[30.148, 8.989, 27.991, 11.9215, 24.278, 13.224, 12.587, 8.998999999999999, 14.6405, 0, 37.0245, 4.577, 46.391999999999996, 16.9125, 2.9755000000000003, 25.067, 40.581500000000005, 18.708, 9.6765, 13.462499999999999, 35.8555, 20.924, 8.104500000000002, 10.082, 22.307000000000002, 9.771999999999998, 42.2695, 19.412, 3.79, 29.527, 25.936500000000002, 12.398499999999999, 20.579, 47.119, 28.107],
[41.364999999999995, 28.0635, 15.42, 25.128, 47.804500000000004, 28.0615, 36.067499999999995, 44.1415, 53.024, 37.0245, 0, 41.582, 7.1129999999999995, 55.345, 37.4055, 11.987, 10.400500000000001, 18.329, 54.5225, 53.9045, 55.2225, 28.3305, 45.376999999999995, 50.511, 45.793499999999995, 32.42, 41.895, 19.14, 37.403, 54.147999999999996, 66.584, 48.1985, 33.807, 3.8785, 28.6055],
[31.5685, 13.5595, 32.543, 16.491, 9.472, 17.785, 17.157, 13.555, 10.091000000000001, 4.577, 41.582, 0, 50.942, 12.3565, 7.5329999999999995, 29.642000000000003, 45.123000000000005, 23.268, 5.871, 11.324, 39.2805, 25.4555, 3.549, 5.666, 26.8625, 14.318, 45.19, 23.9645, 6.0815, 32.9405, 29.349, 7.9875, 23.9785, 51.657, 32.444500000000005],
[38.647000000000006, 37.4345, 4.572, 20.6405, 45.067499999999995, 31.4155, 33.373000000000005, 39.662, 62.385000000000005, 46.391999999999996, 7.1129999999999995, 50.942, 0, 64.64750000000001, 32.9225, 8.0165, 5.834, 13.854, 51.836, 59.8305, 32.599000000000004, 25.522, 54.6885, 56.436, 43.084, 27.9535, 19.277, 14.970500000000001, 46.7805, 31.53, 43.964, 43.7455, 31.07, 3.261, 24.1635],
[43.474500000000006, 27.2655, 46.2735, 30.198, 19.1515, 30.1055, 29.255499999999998, 26.06, 2.2935, 16.9125, 55.345, 12.3565, 64.64750000000001, 0, 19.873, 49.9525, 58.852000000000004, 36.968, 12.3785, 3.507, 51.1165, 39.1695, 10.081, 18.0135, 23.9135, 26.674, 57.025, 37.73, 17.909, 44.762, 41.172, 20.325000000000003, 35.9025, 65.3715, 44.269],
[34.232, 11.317499999999999, 28.39, 12.3165, 28.377, 10.267, 16.676499999999997, 6.7595, 17.608, 2.9755000000000003, 37.4055, 7.5329999999999995, 32.9225, 19.873, 0, 25.457, 42.899, 19.1085, 28.439, 11.379999999999999, 55.9915, 23.217, 11.062, 7.9945, 26.393500000000003, 6.8105, 42.679500000000004, 19.797, 20.740499999999997, 54.9105, 30.0225, 10.1615, 24.649, 34.3935, 30.4615],
[29.407, 16.097, 3.4645, 13.157, 35.815, 16.119500000000002, 24.115499999999997, 32.2045, 41.066500000000005, 25.067, 11.987, 29.642000000000003, 8.0165, 49.9525, 25.457, 0, 13.8295, 6.3745, 50.781499999999994, 41.9495, 43.27, 16.269, 33.36, 38.579, 33.837500000000006, 20.4805, 29.9925, 6.9695, 25.441000000000003, 42.1865, 54.6355, 36.244, 21.8095, 9.483, 23.485],
[32.832, 31.612000000000002, 10.401, 34.543, 39.252, 47.144, 27.566499999999998, 49.551500000000004, 56.577, 40.581500000000005, 10.400500000000001, 45.123000000000005, 5.834, 58.852000000000004, 42.899, 13.8295, 0, 29.595, 46.009, 54.013000000000005, 26.7915, 19.707, 48.8615, 50.6255, 37.28, 43.69, 13.4575, 34.166, 44.223, 25.709, 38.1505, 59.476, 25.2475, 6.5475, 18.28],
[23.046999999999997, 9.745000000000001, 9.302, 6.8205, 29.4685, 17.582, 17.764499999999998, 25.8455, 34.695499999999996, 18.708, 18.329, 23.268, 13.854, 36.968, 19.1085, 6.3745, 29.595, 0, 36.207499999999996, 35.595, 36.912499999999994, 9.9165, 27.033, 32.215500000000006, 27.4865, 14.157, 23.5885, 4.584, 19.0945, 35.835, 48.273, 29.902, 15.4555, 15.3125, 17.131],
[19.255000000000003, 15.2625, 45.578, 18.1965, 6.788, 29.887500000000003, 18.493000000000002, 18.657, 10.181000000000001, 9.6765, 54.5225, 5.871, 51.836, 12.3785, 28.439, 50.781499999999994, 46.009, 36.207499999999996, 0, 11.409, 39.0985, 26.3315, 2.3175, 11.5055, 11.4155, 26.419, 45.0045, 25.676000000000002, 5.9035, 32.7555, 29.159, 13.83, 23.7925, 52.555, 32.306],
[42.3465, 22.442999999999998, 44.870000000000005, 25.36, 20.247500000000002, 24.977, 26.0375, 4.621, 1.237, 13.462499999999999, 53.9045, 11.324, 59.8305, 3.507, 11.379999999999999, 41.9495, 54.013000000000005, 35.595, 11.409, 0, 50.0455, 34.317499999999995, 9.181000000000001, 3.3985000000000003, 35.7305, 21.516, 59.1595, 32.8465, 16.859, 43.7005, 40.114000000000004, 5.7255, 34.7415, 60.539500000000004, 43.256],
[18.335, 46.6435, 46.209500000000006, 43.7145, 30.781, 54.4605, 23.325499999999998, 62.724500000000006, 48.838, 35.8555, 55.2225, 39.2805, 32.599000000000004, 51.1165, 55.9915, 43.27, 26.7915, 36.912499999999994, 39.0985, 50.0455, 0, 46.466, 41.1155, 69.1325, 26.1635, 51.006, 13.3575, 41.5065, 33.21, 6.362, 11.386, 66.9175, 15.327, 33.316500000000005, 25.179],
[13.154, 11.927, 19.2085, 14.8525, 19.5715, 27.4725, 12.329500000000001, 29.887500000000003, 36.8995, 20.924, 28.3305, 25.4555, 25.522, 39.1695, 23.217, 16.269, 19.707, 9.9165, 26.3315, 34.317499999999995, 46.466, 0, 29.284, 30.944499999999998, 17.5905, 24.009500000000003, 33.129999999999995, 14.4775, 21.288, 14.52, 10.939499999999999, 39.7865, 5.5545, 26.240000000000002, 7.23],
[33.421499999999995, 17.2905, 36.311, 21.3215, 9.09, 21.3335, 19.276, 17.0905, 7.8795, 8.104500000000002, 45.376999999999995, 3.549, 54.6885, 10.081, 11.062, 33.36, 48.8615, 27.033, 2.3175, 9.181000000000001, 41.1155, 29.284, 0, 9.282, 13.7005, 17.8395, 47.058499999999995, 27.692, 7.933, 36.699, 31.1915, 11.52, 25.8215, 55.411500000000004, 34.278999999999996],
[40.2085, 19.045, 41.491, 21.985999999999997, 34.326, 21.5825, 22.633499999999998, 1.323, 15.731, 10.082, 50.511, 5.666, 56.436, 18.0135, 7.9945, 38.579, 50.6255, 32.215500000000006, 11.5055, 3.3985000000000003, 69.1325, 30.944499999999998, 9.282, 0, 32.354, 18.134500000000003, 55.789, 29.4465, 13.842, 39.5665, 35.9755, 2.3355, 30.606499999999997, 57.153000000000006, 38.1475],
[7.865, 15.102, 36.7515, 18.026, 4.6419999999999995, 29.7185, 9.7395, 31.275, 23.6575, 22.307000000000002, 45.793499999999995, 26.8625, 43.084, 23.9135, 26.393500000000003, 33.837500000000006, 37.28, 27.4865, 11.4155, 35.7305, 26.1635, 17.5905, 13.7005, 32.354, 0, 26.249499999999998, 34.441, 25.5045, 8.0395, 22.1935, 14.796, 34.6955, 13.234, 43.862, 21.71],
[37.135999999999996, 11.175, 23.399, 8.251000000000001, 28.239, 3.48, 16.5355, 13.532, 24.3735, 9.771999999999998, 32.42, 14.318, 27.9535, 26.674, 6.8105, 20.4805, 43.69, 14.157, 26.419, 21.516, 51.006, 24.009500000000003, 17.8395, 18.134500000000003, 26.249499999999998, 0, 37.676, 15.7315, 20.57, 49.9255, 62.367, 15.809999999999999, 29.5505, 29.419, 31.215],
[31.6615, 33.3055, 32.882000000000005, 30.376, 52.688500000000005, 41.1415, 40.9755, 49.4685, 54.726, 42.2695, 41.895, 45.19, 19.277, 57.025, 42.679500000000004, 29.9925, 13.4575, 23.5885, 45.0045, 59.1595, 13.3575, 33.129999999999995, 47.058499999999995, 55.789, 34.441, 37.676, 0, 28.1495, 39.144499999999994, 12.27, 24.7165, 53.480000000000004, 21.244500000000002, 19.993000000000002, 11.840499999999999],
[27.665, 10.438500000000001, 10.418, 7.523, 27.588, 9.156500000000001, 15.788, 26.537, 35.417, 19.412, 19.14, 23.9645, 14.970500000000001, 37.73, 19.797, 6.9695, 34.166, 4.584, 25.676000000000002, 32.8465, 41.5065, 14.4775, 27.692, 29.4465, 25.5045, 15.7315, 28.1495, 0, 19.781, 41.3785, 52.842, 31.5285, 20.023, 16.436, 21.704],
[25.575499999999998, 9.388, 28.3795, 12.307500000000001, 3.4015, 24.04, 11.3605, 12.781500000000001, 15.6495, 3.79, 37.403, 6.0815, 46.7805, 17.909, 20.740499999999997, 25.441000000000003, 44.223, 19.0945, 5.9035, 16.859, 33.21, 21.288, 7.933, 13.842, 8.0395, 20.57, 39.144499999999994, 19.781, 0, 26.8735, 23.2855, 16.148, 17.9105, 47.4855, 26.3765],
[15.98, 22.36, 45.113, 42.7225, 28.6585, 53.3855, 16.962, 38.5045, 42.4965, 29.527, 54.147999999999996, 32.9405, 31.53, 44.762, 54.9105, 42.1865, 25.709, 35.835, 32.7555, 43.7005, 6.362, 14.52, 36.699, 39.5665, 22.1935, 49.9255, 12.27, 41.3785, 26.8735, 0, 9.0475, 65.697, 8.992, 32.2275, 3.1035],
[6.9585, 18.738, 57.564499999999995, 55.0715, 19.424500000000002, 65.81049999999999, 13.3735, 34.9065, 38.899, 25.936500000000002, 66.584, 29.349, 43.964, 41.172, 30.0225, 54.6355, 38.1505, 48.273, 29.159, 40.114000000000004, 11.386, 10.939499999999999, 31.1915, 35.9755, 14.796, 62.367, 24.7165, 52.842, 23.2855, 9.0475, 0, 78.1545, 5.3945, 44.699, 12.1235],
[42.5145, 21.365000000000002, 39.1775, 24.0335, 36.643, 19.2745, 24.9535, 3.4045, 18.064999999999998, 12.398499999999999, 48.1985, 7.9875, 43.7455, 20.325000000000003, 10.1615, 36.244, 59.476, 29.902, 13.83, 5.7255, 66.9175, 39.7865, 11.52, 2.3355, 34.6955, 15.809999999999999, 53.480000000000004, 31.5285, 16.148, 65.697, 78.1545, 0, 33.0175, 45.201, 46.9995],
[7.6175, 13.3625, 24.725, 16.299500000000002, 19.698999999999998, 32.9985, 8.031500000000001, 29.537, 33.5305, 20.579, 33.807, 23.9785, 31.07, 35.9025, 24.649, 21.8095, 25.2475, 15.4555, 23.7925, 34.7415, 15.327, 5.5545, 25.8215, 30.606499999999997, 13.234, 29.5505, 21.244500000000002, 20.023, 17.9105, 8.992, 5.3945, 33.0175, 0, 31.782, 8.493500000000001],
[39.3475, 38.176, 6.031499999999999, 22.110500000000002, 45.785, 32.8545, 34.075, 41.132, 63.1085, 47.119, 3.8785, 51.657, 3.261, 65.3715, 34.3935, 9.483, 6.5475, 15.3125, 52.555, 60.539500000000004, 33.316500000000005, 26.240000000000002, 55.411500000000004, 57.153000000000006, 43.862, 29.419, 19.993000000000002, 16.436, 47.4855, 32.2275, 44.699, 45.201, 31.782, 0, 24.755499999999998],
[16.087, 19.14, 28.5895, 22.07, 26.7885, 34.6815, 15.0835, 37.0875, 42.0015, 28.107, 28.6055, 32.444500000000005, 24.1635, 44.269, 30.4615, 23.485, 18.28, 17.131, 32.306, 43.256, 25.179, 7.23, 34.278999999999996, 38.1475, 21.71, 31.215, 11.840499999999999, 21.704, 26.3765, 3.1035, 12.1235, 46.9995, 8.493500000000001, 24.755499999999998, 0],
]

omega_65 = [
[0, 237.392, 259.4855, 496.32550000000003, 465.86249999999995, 416.2, 307.783, 598.2965, 261.90099999999995, 281.113, 702.183, 728.035, 160.3945, 39.56, 554.2574999999999, 252.842, 456.3765, 454.906, 545.258, 358.98699999999997, 302.8065, 97.011, 131.32, 448.4385, 496.8185, 505.4525, 422.954, 148.2745, 229.523, 251.236, 47.492000000000004, 104.403, 368.70550000000003, 317.29449999999997, 659.2215, 155.3295, 273.131, 453.09799999999996, 101.6805, 350.37850000000003, 83.7245, 322.265, 43.727500000000006, 381.4065, 504.702, 247.333, 359.1925, 486.6175, 553.772, 399.0055, 452.65549999999996, 310.237, 126.233, 275.7255, 291.866, 311.306, 471.7395, 316.62350000000004, 444.281, 525.3805, 519.7885, 178.5875, 380.575, 427.51, 85.19149999999999],
